0.021 0.320000000000 0.540000000000 2.700 30
0.021 0.536580054637 1.017536696605 2.700 30
0.021 0.675178310465 1.299407811266 2.700 30
0.021 0.781368066220 1.510820355169 2.700 30
0.021 0.869037782348 1.683761311047 2.700 30
0.021 0.944494096106 1.831902502389 2.700 30
0.021 1.011193544034 1.962501277612 2.700 30
0.021 1.071257817495 2.079924740602 2.700 30
0.021 1.126092807921 2.187027899255 2.700 30
0.021 1.176683168686 2.285791036758 2.700 30
0.021 1.223748163566 2.377650229003 2.700 30
0.021 1.267830870511 2.463683716802 2.700 30
0.021 1.309352444201 2.544723973611 2.700 30
0.021 1.348646768677 2.621428619067 2.700 30
0.021 1.385983485366 2.694327193782 2.700 30
0.021 1.421583812845 2.763853095228 2.700 30
0.021 1.455631724957 2.830366027106 2.700 30
0.021 1.488282042469 2.894168178993 2.700 30
0.021 1.519666414794 2.955516142211 2.700 30
0.021 1.549897824116 3.014629853152 2.700 30
0.021 1.579074032595 3.071699418622 2.700 30
0.021 1.607280259190 3.126890402713 2.700 30
0.021 1.634591285462 3.180347976782 2.700 30
0.021 1.661073131706 3.232200216228 2.700 30
0.021 1.686784405330 3.282560748023 2.700 30
0.021 1.711777396105 3.331530897910 2.700 30
0.021 1.736098973726 3.379201447565 2.700 30
0.021 1.759791329351 3.425654084518 2.700 30
0.021 1.782892592849 3.470962607660 2.700 30
0.021 1.805437350156 3.515193936623 2.700 30
0.021 1.827457079680 3.558408962443 2.700 30
0.021 1.848980522649 3.600663268818 2.700 30
0.021 1.870033999123 3.642007747093 2.700 30
0.021 1.890641679067 3.682489123403 2.700 30
0.021 1.910825816000 3.722150412746 2.700 30
0.021 1.930606949304 3.761031311917 2.700 30
0.021 1.950004080161 3.799168541034 2.700 30
0.021 1.969034825168 3.836596141573 2.700 30
0.021 1.987715550969 3.873345737472 2.700 30
0.021 2.006061492690 3.909446764706 2.700 30
0.021 2.024086858471 3.944926673839 2.700 30
0.021 2.041804922027 3.979811109318 2.700 30
0.021 2.059228104870 4.014124068681 2.700 30
0.021 2.076368049545 4.047888044322 2.700 30
0.021 2.093235685059 4.081124150114 2.700 30
0.021 2.109841285480 4.113852234773 2.700 30
0.021 2.126194522559 4.146090983642 2.700 30
0.021 2.142304513090 4.177858010275 2.700 30
0.021 2.158179861641 4.209169939053 2.700 30
0.021 2.173828699192 4.240042479865 2.700 30
0.021 2.189258718141 4.270490495770 2.700 30
0.021 2.204477204091 4.300528064410 2.700 30
0.021 2.219491064762 4.330168533878 2.700 30
0.021 2.234306856348 4.359424573625 2.700 30
0.021 2.248930807576 4.388308220937 2.700 30
