0.101 0.320000000000 0.540000000000 2.502 30
0.101 0.930878440231 1.805207390481 2.502 30
0.101 1.206196638871 2.343395373826 2.559 30
0.101 1.401441909166 2.724514531291 2.559 30
0.101 1.556936870657 3.028396686702 2.585 30
0.101 1.687990444537 3.284923430759 2.585 30
0.101 1.802249518060 3.508938757619 2.603 30
0.101 1.904143529590 3.709018588992 2.603 30
0.101 1.996492571995 3.890615861236 2.618 30
0.101 2.081214699521 4.057437048001 2.618 30
0.101 2.159679861924 4.212128871659 2.630 30
0.101 2.232904189427 4.356654513034 2.630 30
0.101 2.301664380155 4.492514815864 2.641 30
0.101 2.366568856997 4.620885768314 2.641 30
0.101 2.428104044374 4.742707860520 2.650 30
0.101 2.486665589726 4.858746347911 2.650 30
0.101 2.542580087718 4.969633173124 2.659 30
0.101 2.596120599159 5.075896909686 2.659 30
0.101 2.647517991793 5.177984643183 2.667 30
0.101 2.696969393649 5.276278281782 2.667 30
0.101 2.744644604967 5.371106928820 2.674 30
0.101 2.790691037500 5.462756414892 2.674 30
0.101 2.835237572353 5.551476743967 2.681 30
0.101 2.878397610804 5.637487982854 2.681 30
0.101 2.920271514158 5.720984972110 2.688 30
0.101 2.960948574986 5.802141132908 2.688 30
0.101 3.000508624628 5.881111572126 2.694 30
0.101 3.039023355307 5.958035636724 2.694 30
0.101 3.076557416057 6.033039031628 2.700 30
0.101 3.113169327771 6.106235588454 2.700 30
0.101 3.148912252330 6.177728752551 2.705 30
0.101 3.183834643128 6.247612841019 2.705 30
0.101 3.217980798458 6.315974113154 2.710 30
0.101 3.251391334819 6.382891686193 2.710 30
0.101 3.284103593778 6.448438322703 2.715 30
